[-0.5, -0.5, -0.5, 1] 204.76190476190476 195.23809523809524
[0.5, -0.5, -0.5, 1] 205.26315789473685 194.73684210526315
[-0.5, 0.5, -0.5, 1] 195.23809523809524 195.23809523809524
[-0.5, -0.5, 0.5, 1] 204.76190476190476 204.76190476190476
[0.5, 0.5, -0.5, 1] 194.73684210526315 194.73684210526315
[0.5, -0.5, 0.5, 1] 205.26315789473685 205.26315789473685
[-0.5, 0.5, 0.5, 1] 195.23809523809524 204.76190476190476
[0.5, 0.5, 0.5, 1] 194.73684210526315 205.26315789473685
[0.0, 0.0, 1.0, 1] 200.0 210.0
[-0.5, -0.5, -0.5, 1] 199.99999999999994 190.66040882531308
[0.5, -0.5, -0.5, 1] 213.20817650626222 190.66040882531308
[-0.5, 0.5, -0.5, 1] 184.78177324248145 189.23908866212406
[-0.5, -0.5, 0.5, 1] 199.99999999999994 209.33959117468686
[0.5, 0.5, -0.5, 1] 199.99999999999997 189.23908866212406
[0.5, -0.5, 0.5, 1] 213.20817650626222 209.33959117468686
[-0.5, 0.5, 0.5, 1] 184.78177324248145 210.7609113378759
[0.5, 0.5, 0.5, 1] 199.99999999999997 210.7609113378759
[0.0, 0.0, 1.0, 1] 199.99999999999994 220.0
[-0.5, -0.5, -0.5, 1] 195.23809523809524 195.23809523809524
[0.5, -0.5, -0.5, 1] 204.76190476190476 195.23809523809524
[-0.5, 0.5, -0.5, 1] 194.73684210526315 194.73684210526315
[-0.5, -0.5, 0.5, 1] 195.23809523809524 204.76190476190476
[0.5, 0.5, -0.5, 1] 205.26315789473685 194.73684210526315
[0.5, -0.5, 0.5, 1] 204.76190476190476 204.76190476190476
[-0.5, 0.5, 0.5, 1] 194.73684210526315 205.26315789473685
[0.5, 0.5, 0.5, 1] 205.26315789473685 205.26315789473685
[0.0, 0.0, 1.0, 1] 200.0 210.0
[-0.5, -0.5, -0.5, 1] 194.73684210526315 194.73684210526315
[0.5, -0.5, -0.5, 1] 195.23809523809524 195.23809523809524
[-0.5, 0.5, -0.5, 1] 205.26315789473685 194.73684210526315
[-0.5, -0.5, 0.5, 1] 194.73684210526315 205.26315789473685
[0.5, 0.5, -0.5, 1] 204.76190476190476 195.23809523809524
[0.5, -0.5, 0.5, 1] 195.23809523809524 204.76190476190476
[-0.5, 0.5, 0.5, 1] 205.26315789473685 205.26315789473685
[0.5, 0.5, 0.5, 1] 204.76190476190476 204.76190476190476
[0.0, 0.0, 1.0, 1] 200.0 210.0
[-0.5, -0.5, -0.5, 1] 205.26315789473685 194.73684210526315
[0.5, -0.5, -0.5, 1] 194.73684210526315 194.73684210526315
[-0.5, 0.5, -0.5, 1] 204.76190476190476 195.23809523809524
[-0.5, -0.5, 0.5, 1] 205.26315789473685 205.26315789473685
[0.5, 0.5, -0.5, 1] 195.23809523809524 195.23809523809524
[0.5, -0.5, 0.5, 1] 194.73684210526315 205.26315789473685
[-0.5, 0.5, 0.5, 1] 204.76190476190476 204.76190476190476
[0.5, 0.5, 0.5, 1] 195.23809523809524 204.76190476190476
[0.0, 0.0, 1.0, 1] 200.0 210.0